8 59 5 46 55 45 77 99 48 82 17 54 71 95 99 47 98 1 79 2 
56 27 46 86 37 29 41 11 59 100 1 48 80 48 86 37 51 11 74 77 
61 63 40 81 25 98 24 90 77 96 45 13 99 66 76 12 99 19 100 13 
62 9 17 87 81 48 16 55 39 62 83 12 33 58 68 58 63 81 52 4 
89 61 86 98 62 84 4 96 46 76 92 61 70 19 25 41 60 24 7 50 
78 37 48 79 52 98 3 68 22 64 87 99 18 70 12 69 91 68 69 52 
79 22 81 30 2 10 26 83 12 29 22 73 13 28 24 24 22 34 55 71 
3 76 77 69 46 54 6 85 7 67 52 27 41 68 38 10 76 0 60 79 
60 25 12 92 44 70 42 21 80 81 72 90 51 95 10 99 5 12 51 28 
56 80 100 31 73 59 59 55 71 89 6 94 7 53 22 33 9 6 97 47 
86 48 77 68 71 40 8 2 55 87 98 94 38 24 94 24 38 25 30 85 
45 61 38 72 28 35 66 97 88 32 83 11 96 12 78 53 51 54 60 38 
24 42 85 75 31 76 52 89 75 73 14 52 60 53 53 65 12 62 72 55 
24 5 98 38 70 8 12 56 68 42 76 54 88 46 28 57 84 16 98 64 
51 59 73 61 46 35 27 55 24 4 39 76 70 100 6 60 2 29 67 70 
92 40 11 22 23 15 69 84 93 36 28 78 95 24 87 48 36 30 8 90 
35 8 93 98 100 62 4 45 57 38 77 34 67 78 32 66 16 50 68 16 
80 86 95 60 82 22 100 85 12 91 59 91 18 74 21 72 79 20 87 71 
100 26 18 49 9 42 78 1 10 36 68 19 45 86 34 72 33 37 5 84 
22 98 72 24 93 40 25 12 68 11 66 15 22 70 19 73 56 32 91 94 
22 13 86 47 0 79 59 100 19 89 99 7 62 24 85 42 94 60 97 24 
86 16 6 45 27 9 59 58 72 56 16 29 20 48 2 16 74 41 70 92 
14 30 42 81 94 14 92 100 54 81 65 30 81 58 40 83 8 71 54 77 
56 35 28 61 65 86 44 37 39 92 40 64 87 25 62 81 69 88 12 17 
62 85 83 16 50 80 31 44 88 96 52 89 32 4 29 19 14 75 56 26 
74 100 68 39 68 25 13 55 7 66 10 100 29 96 89 21 16 35 52 76 
62 90 39 95 2 42 96 33 67 88 64 59 1 56 19 29 71 74 74 4 
69 81 79 88 81 89 88 63 46 77 66 98 65 12 72 64 14 53 28 85 
82 80 29 3 53 27 3 72 68 25 31 71 66 11 14 66 76 25 24 79 
89 34 4 64 5 33 78 4 14 57 73 46 7 22 86 63 10 44 70 66 
20 81 9 77 79 14 83 83 14 48 37 63 19 33 56 42 33 0 44 63 
34 17 53 41 96 10 38 43 88 0 28 32 52 56 39 96 33 20 63 44 
45 15 46 81 25 42 76 0 48 32 2 19 1 29 56 28 18 80 64 24 
41 31 38 8 57 29 67 95 50 45 99 67 40 4 35 31 86 85 11 43 
88 65 94 30 84 59 38 66 88 89 94 10 72 75 6 81 53 55 21 30 
97 69 92 44 82 91 77 88 89 46 29 23 55 61 85 27 81 5 57 87 
83 35 27 63 66 49 59 56 97 96 59 71 37 16 89 10 98 56 79 51 
76 7 10 16 100 28 100 86 11 5 52 14 47 59 44 1 29 52 97 2 
76 58 11 19 18 47 35 33 90 10 53 43 88 21 31 67 18 49 22 40 
5 42 40 64 49 74 15 25 96 60 69 63 96 39 69 46 4 32 62 37 
66 64 24 31 94 94 92 31 55 61 11 6 60 41 49 79 44 16 32 77 
84 31 42 24 10 15 81 94 99 37 16 69 10 4 78 53 31 59 2 84 
92 13 17 74 25 18 22 95 42 87 40 80 96 42 3 21 9 100 27 46 
8 47 37 20 58 84 69 31 33 26 86 75 28 26 72 77 59 50 75 21 
65 81 26 88 21 87 49 3 2 0 60 69 29 9 69 53 53 31 26 35 
38 42 73 81 93 66 54 81 65 13 90 5 95 29 81 24 78 18 2 67 
97 87 72 19 11 95 66 31 26 92 49 13 6 27 59 1 34 62 74 5 
92 9 48 63 52 70 68 65 37 86 7 56 70 95 33 77 38 33 87 23 
96 87 96 99 53 86 74 89 4 54 15 75 3 19 65 62 45 57 47 13 
15 89 2 23 14 15 39 86 76 2 74 17 11 90 42 2 50 5 47 86 
42 59 15 47 34 31 11 33 15 5 69 62 2 57 25 67 35 83 94 82 
46 83 91 15 9 2 12 37 82 20 44 48 2 50 40 56 76 85 95 18 
73 44 94 62 13 32 61 65 8 57 38 13 70 57 22 31 86 50 47 69 
22 54 2 64 100 51 67 93 47 55 17 25 23 92 0 21 41 43 57 85 
91 61 72 25 20 13 4 64 52 38 93 100 63 36 11 80 51 55 63 7 
39 22 41 60 76 61 70 29 67 78 44 20 26 38 85 18 22 26 37 7 
93 8 26 65 27 41 45 35 31 85 73 97 38 28 63 4 81 99 81 20 
68 25 27 23 89 88 6 71 3 69 5 49 28 0 88 76 35 86 98 27 
82 53 30 70 45 43 63 20 40 2 60 3 67 78 91 67 48 43 80 100 
47 8 28 16 93 3 34 66 65 42 94 4 49 36 28 53 41 84 74 25 
27 83 67 9 30 53 65 5 23 2 8 55 83 57 27 59 62 98 24 76 
49 27 24 45 7 65 62 73 18 47 29 64 88 1 87 26 67 11 50 72 
47 24 36 51 79 86 95 19 31 69 19 24 51 21 20 15 69 83 91 87 
70 56 13 17 79 87 88 29 9 98 53 5 97 98 7 28 97 63 51 75 
56 65 22 3 98 61 100 71 88 85 83 26 0 37 67 50 78 71 97 33 
94 66 28 77 73 26 37 11 100 100 3 17 64 94 28 65 100 68 35 57 
46 98 67 90 61 33 88 48 100 19 80 61 8 81 21 16 55 28 0 84 
53 78 78 71 4 55 20 59 3 5 31 45 69 39 62 25 3 38 83 91 
1 51 53 66 51 74 54 37 8 90 39 70 94 74 60 43 42 46 66 31 
6 16 83 49 60 12 62 43 4 40 48 31 67 49 83 73 18 88 9 71 
11 50 17 44 67 57 77 22 49 97 73 76 3 26 59 95 65 11 94 50 
49 55 95 23 17 47 35 72 56 80 20 36 63 88 14 100 6 89 18 20 
21 24 30 6 80 97 64 70 11 23 83 99 8 83 43 90 80 4 22 57 
15 61 79 40 85 62 97 40 88 63 47 57 68 74 23 33 76 59 9 96 
86 98 92 61 13 4 98 78 63 53 38 54 35 1 65 61 72 93 87 63 
38 28 3 43 30 57 53 78 37 78 98 78 22 33 94 74 94 48 60 54 
54 4 28 12 84 41 49 87 63 32 18 96 34 9 89 55 24 68 12 91 
57 9 14 26 92 11 96 47 53 2 39 43 9 46 79 69 60 83 92 35 
62 80 90 33 76 91 97 43 57 24 78 13 77 94 37 64 99 28 88 84 
30 38 55 86 12 28 42 36 65 70 22 81 65 32 66 79 54 43 17 45 
65 74 28 100 71 45 44 94 18 7 28 31 15 17 43 73 70 26 24 9 
3 96 31 61 2 12 1 0 61 66 85 43 73 64 5 8 70 50 15 19 
23 86 28 83 29 33 27 41 73 59 30 43 52 47 8 73 22 93 100 37 
37 89 23 27 48 21 97 68 39 99 49 11 11 96 71 70 2 7 32 62 
38 85 90 69 16 23 85 46 48 90 47 84 83 78 55 100 35 70 69 81 
76 14 18 88 46 77 67 21 2 13 54 31 73 0 88 39 63 61 63 3 
31 0 50 17 73 20 77 37 32 34 1 17 52 96 52 60 71 49 68 33 
78 41 82 91 19 48 44 13 32 73 78 55 97 71 20 69 95 99 13 50 
17 4 8 62 52 15 59 1 7 62 27 98 78 36 49 40 10 38 46 72 
31 83 38 40 25 53 17 44 90 9 91 76 87 75 18 24 1 47 54 29 
48 8 98 32 68 45 40 34 42 14 18 61 43 49 48 44 38 20 11 57 
86 80 16 65 53 68 46 66 33 74 2 98 84 51 48 0 11 97 27 55 
10 19 25 75 44 24 18 61 80 31 36 40 2 78 7 64 79 45 46 20 
53 83 81 11 76 80 71 11 98 45 23 73 94 9 0 20 35 27 88 41 
74 6 47 21 37 96 52 17 29 10 80 81 26 49 53 26 63 51 2 69 
14 4 82 44 16 92 41 83 40 83 74 28 0 72 83 58 89 97 88 59 
75 88 3 56 100 15 35 9 45 29 8 30 91 100 10 73 35 2 83 36 
43 15 26 75 94 72 60 19 76 35 54 56 6 86 14 8 40 28 75 55 
52 72 39 42 88 61 12 31 87 97 6 65 24 71 86 93 93 75 87 19 
99 51 29 18 9 18 74 96 81 22 12 54 1 45 48 3 75 80 27 47 
